2025-04-15 17:17:51.201957 - Received CBT.V505.FILE041.PDS from FILE041.XMI 
2025-04-15 17:17:51.203389 - Found $$$#DATE.txt (text/plain) in CBT.V505.FILE041.PDS, moved to PDS/$$$#DATE
2025-04-15 17:17:51.203908 - Found $ABSTRAC.txt (text/plain) in CBT.V505.FILE041.PDS, moved to PDS/$ABSTRAC
2025-04-15 17:17:51.204221 - Found $ASM1.jcl (text/plain) in CBT.V505.FILE041.PDS, moved to PDS/$ASM1
2025-04-15 17:17:51.204528 - Found $ASM4.jcl (text/plain) in CBT.V505.FILE041.PDS, moved to PDS/$ASM4
2025-04-15 17:17:51.204836 - Found $BACK1.jcl (text/plain) in CBT.V505.FILE041.PDS, moved to PDS/$BACK1
2025-04-15 17:17:51.205141 - Found $BACK4.jcl (text/plain) in CBT.V505.FILE041.PDS, moved to PDS/$BACK4
2025-04-15 17:17:51.205441 - Found $COMP.jcl (text/plain) in CBT.V505.FILE041.PDS, moved to PDS/$COMP
2025-04-15 17:17:51.206079 - Found $COPY.jcl (text/plain) in CBT.V505.FILE041.PDS, moved to PDS/$COPY
2025-04-15 17:17:51.207392 - Found $DESC.txt (text/plain) in CBT.V505.FILE041.PDS, moved to PDS/$DESC
2025-04-15 17:17:51.207938 - Found $DISCLMR.txt (text/plain) in CBT.V505.FILE041.PDS, moved to PDS/$DISCLMR
2025-04-15 17:17:51.208296 - Found $PREP1.jcl (text/plain) in CBT.V505.FILE041.PDS, moved to PDS/$PREP1
2025-04-15 17:17:51.208648 - Found $PREP4.jcl (text/plain) in CBT.V505.FILE041.PDS, moved to PDS/$PREP4
2025-04-15 17:17:51.208951 - Found $PRINT.jcl (text/plain) in CBT.V505.FILE041.PDS, moved to PDS/$PRINT
2025-04-15 17:17:51.209258 - Found $TEST1.bin (application/octet-stream) in CBT.V505.FILE041.PDS, moved to PDS/$TEST1
2025-04-15 17:17:51.209565 - Found $TEST4.jcl (text/plain) in CBT.V505.FILE041.PDS, moved to PDS/$TEST4
2025-04-15 17:17:51.209866 - Found $TURN1.jcl (text/plain) in CBT.V505.FILE041.PDS, moved to PDS/$TURN1
2025-04-15 17:17:51.210164 - Found $TURN4.jcl (text/plain) in CBT.V505.FILE041.PDS, moved to PDS/$TURN4
2025-04-15 17:17:51.210456 - Found $XFER.jcl (text/plain) in CBT.V505.FILE041.PDS, moved to PDS/$XFER
2025-04-15 17:17:51.210504 - Found @FILE041.txt (text/plain) in CBT.V505.FILE041.PDS, moved to PDS/@FILE041
2025-04-15 17:17:51.210894 - Found DFAULT.txt (text/plain) in CBT.V505.FILE041.PDS, moved to PDS/DFAULT
2025-04-15 17:17:51.211118 - Found END.txt (text/plain) in CBT.V505.FILE041.PDS, moved to PDS/END
2025-04-15 17:17:51.211793 - Found EXIT1A.txt (text/plain) in CBT.V505.FILE041.PDS, moved to PDS/EXIT1A
2025-04-15 17:17:51.212527 - Found EXIT1B.txt (text/plain) in CBT.V505.FILE041.PDS, moved to PDS/EXIT1B
2025-04-15 17:17:51.212902 - Found EXIT1MIT.txt (text/plain) in CBT.V505.FILE041.PDS, moved to PDS/EXIT1MIT
2025-04-15 17:17:51.213125 - Found EXIT1REG.txt (text/plain) in CBT.V505.FILE041.PDS, moved to PDS/EXIT1REG
2025-04-15 17:17:51.213658 - Found EXIT1TAB.txt (text/plain) in CBT.V505.FILE041.PDS, moved to PDS/EXIT1TAB
2025-04-15 17:17:51.214015 - Found EXIT15.txt (text/plain) in CBT.V505.FILE041.PDS, moved to PDS/EXIT15
2025-04-15 17:17:51.214398 - Found EXIT250.txt (text/plain) in CBT.V505.FILE041.PDS, moved to PDS/EXIT250
2025-04-15 17:17:51.214814 - Found EXIT4MIT.txt (text/plain) in CBT.V505.FILE041.PDS, moved to PDS/EXIT4MIT
2025-04-15 17:17:51.215174 - Found EXIT5.txt (text/plain) in CBT.V505.FILE041.PDS, moved to PDS/EXIT5
2025-04-15 17:17:51.215527 - Found GLOBAL.txt (text/plain) in CBT.V505.FILE041.PDS, moved to PDS/GLOBAL
2025-04-15 17:17:51.215893 - Found SH88.txt (text/plain) in CBT.V505.FILE041.PDS, moved to PDS/SH88
2025-04-15 17:17:51.216241 - Found STD.txt (text/plain) in CBT.V505.FILE041.PDS, moved to PDS/STD
2025-04-15 17:17:51.216568 - Found TESTQ.jcl (text/plain) in CBT.V505.FILE041.PDS, moved to PDS/TESTQ
2025-04-15 17:17:51.216908 - Found ZZ03821.txt (text/plain) in CBT.V505.FILE041.PDS, moved to PDS/ZZ03821
